83714491
83636122
86091887
93080752
87020191
90334522
95875882
87529248
87143233
99134793
82304709
81190905
98832966
97456426
95882154
92689169
86899120
81119846
93117909
97058115
86849134
99427879
83573149
89579808
86168348
94747548
98465034
96792625
92758240
90885324
91008752
89202442
85907555
99066180
97328550
81533460
86827719
90259334
88707927
85908492
83666650
95164061
93604675
90636695
87806869
95105312
97969964
95151339
96792625
81221014
